Structure.                  a1+a2   a1+a22   a1+a2+b    a21R  pep_1-9R  pep_1-9   p_5789   CD94R    NKG2AR  CDNKG2R  CDNKG2A
Measure                    RMS(Ca)  RMS(Ca)  RMS(Ca)  RMS(Ca) RMSC(at)  RMS(at)  RMS(at) RMSC(Ca) RMSC(Ca) RMSC(Ca)  RMS(Ca)
EpV7L8-3cdg-0000             0.000    0.000    0.000    0.000    0.000    0.000    0.000    0.000    0.000    0.000    0.000
EpV7L8-3cdg-0010             0.885    0.820    0.894    1.208    1.704    1.579    1.751    3.738    5.328    4.592    1.529
EpV7L8-3cdg-0020             1.195    1.182    1.018    1.172    2.211    1.993    1.868    3.040    4.616    3.899    1.548
EpV7L8-3cdg-0030             1.187    1.128    1.030    1.174    2.150    1.976    1.829    4.833    6.611    5.780    1.543
EpV7L8-3cdg-0040             1.077    1.022    0.997    1.100    2.100    2.016    1.896    3.946    4.804    4.391    1.534
EpV7L8-3cdg-0050             1.376    1.308    1.206    1.395    2.391    2.220    1.811    4.349    5.442    4.919    1.328
EpV7L8-3cdg-0060             1.105    1.063    0.987    1.047    2.907    2.649    1.806    4.172    5.427    4.833    1.449
EpV7L8-3cdg-0070             0.932    0.968    0.878    0.734    2.428    2.275    1.952    4.311    5.015    4.672    1.427
EpV7L8-3cdg-0080             1.155    1.165    1.031    0.915    2.291    2.142    1.621    4.097    5.065    4.600    1.541
EpV7L8-3cdg-0090             1.057    1.007    0.946    1.116    2.756    2.509    1.858    3.861    5.480    4.730    1.753
EpV7L8-3cdg-0100             1.000    1.043    0.918    0.714    2.512    2.347    1.973    3.616    4.388    4.016    1.282
EpV7L8-3cdg-0110             0.973    1.027    0.972    0.699    2.989    2.738    1.942    3.887    6.137    5.123    1.556
EpV7L8-3cdg-0120             0.941    0.977    0.838    0.703    3.031    2.780    2.010    3.520    4.890    4.252    1.719
EpV7L8-3cdg-0130             1.073    1.130    1.024    0.951    3.019    2.746    1.922    3.579    3.765    3.672    1.690
EpV7L8-3cdg-0140             1.027    1.024    0.994    1.030    3.117    2.937    2.141    2.947    5.075    4.137    1.802
EpV7L8-3cdg-0150             1.014    1.070    0.935    0.656    2.822    2.657    1.963    2.382    5.609    4.291    2.330
EpV7L8-3cdg-0160             1.062    1.138    0.918    0.572    3.043    2.791    2.066    2.488    5.038    3.958    2.185
EpV7L8-3cdg-0170             1.206    1.251    1.032    0.909    2.382    2.232    1.953    2.346    5.547    4.240    2.224
EpV7L8-3cdg-0180             1.194    1.174    1.108    1.176    2.463    2.321    1.864    2.094    6.023    4.487    2.447
EpV7L8-3cdg-0190             1.186    1.200    1.085    1.014    2.485    2.246    1.792    2.452    4.626    3.690    2.133
EpV7L8-3cdg-0200             1.208    1.167    1.119    1.145    2.376    2.212    1.919    2.059    4.821    3.691    2.135
EpV7L8-3cdg-0210             1.013    1.012    0.970    0.927    2.404    2.248    1.881    2.024    4.971    3.778    2.086
EpV7L8-3cdg-0220             1.261    1.273    1.119    1.101    2.512    2.417    1.781    3.507    6.974    5.499    2.309
EpV7L8-3cdg-0230             1.354    1.386    1.142    0.886    2.494    2.355    1.768    2.488    6.711    5.037    2.076
EpV7L8-3cdg-0240             1.026    1.042    0.917    0.895    2.896    2.732    1.891    3.878    9.988    7.542    2.465
EpV7L8-3cdg-0250             1.197    1.277    1.062    0.653    3.284    2.877    1.963    3.524    8.780    6.660    1.983
EpV7L8-3cdg-0260             1.072    1.159    0.949    0.569    3.126    2.845    2.188    3.207    6.485    5.097    2.419
EpV7L8-3cdg-0270             0.912    0.930    0.844    0.787    3.007    2.708    1.739    2.684    5.367    4.228    2.275
EpV7L8-3cdg-0280             1.019    1.061    0.939    0.706    2.925    2.688    1.925    3.574    6.778    5.399    2.309
EpV7L8-3cdg-0290             1.017    1.056    0.922    0.792    2.927    2.692    1.861    2.797    6.166    4.768    2.166
EpV7L8-3cdg-0300             1.049    1.122    0.981    0.685    2.989    2.687    1.878    3.305    5.950    4.797    2.128
EpV7L8-3cdg-0310             1.297    1.387    1.076    0.708    2.979    2.774    2.104    2.863    5.577    4.417    2.118
EpV7L8-3cdg-0320             1.057    1.128    0.920    0.634    3.029    2.747    1.852    2.697    4.897    3.940    2.214
EpV7L8-3cdg-0330             1.508    1.641    1.208    0.451    2.988    2.722    2.120    1.981    3.877    3.068    2.148
EpV7L8-3cdg-0340             1.124    1.218    0.936    0.462    3.111    2.753    1.840    2.985    5.265    4.266    1.971
EpV7L8-3cdg-0350             1.308    1.375    1.081    0.744    2.860    2.686    2.055    2.512    4.900    3.880    2.054
EpV7L8-3cdg-0360             1.188    1.242    0.980    0.699    2.793    2.601    1.680    2.883    5.817    4.574    2.235
EpV7L8-3cdg-0370             1.264    1.346    1.065    0.570    2.746    2.540    1.581    2.339    4.999    3.887    2.246
EpV7L8-3cdg-0380             0.898    0.965    0.877    0.427    2.858    2.633    1.916    3.425    6.464    5.155    2.475
EpV7L8-3cdg-0390             1.345    1.408    1.144    0.896    3.042    2.740    1.898    2.349    5.628    4.294    2.319
EpV7L8-3cdg-0400             0.925    0.986    0.855    0.500    3.112    2.785    1.999    2.442    5.695    4.363    2.105
EpV7L8-3cdg-0410             1.099    1.136    0.949    0.695    3.115    2.860    2.185    2.821    5.355    4.265    2.273
EpV7L8-3cdg-0420             1.317    1.301    1.097    1.228    3.363    3.123    2.009    1.910    5.180    3.885    2.271
EpV7L8-3cdg-0430             0.908    0.946    0.814    0.548    2.929    2.720    1.834    2.436    3.828    3.200    2.067
EpV7L8-3cdg-0440             1.077    1.090    0.971    0.844    2.872    2.661    1.930    2.504    3.681    3.141    2.472
EpV7L8-3cdg-0450             1.206    1.232    1.066    1.005    2.985    2.738    1.845    2.525    4.093    3.391    2.189
EpV7L8-3cdg-0460             1.007    1.044    0.906    0.764    3.193    2.890    2.079    1.984    3.338    2.737    2.015
EpV7L8-3cdg-0470             1.160    1.142    1.002    1.002    2.922    2.655    1.885    1.951    3.209    2.648    1.904
EpV7L8-3cdg-0480             1.232    1.251    1.161    1.122    2.225    2.040    1.768    2.020    4.665    3.579    1.966
EpV7L8-3cdg-0490             1.133    1.161    1.014    0.921    2.310    2.126    1.788    1.787    3.784    2.947    1.743
EpV7L8-3cdg-0500             1.154    1.151    1.011    1.073    2.548    2.316    1.984    1.730    3.288    2.618    1.779
EpV7L8-3cdg-0510             1.131    1.092    1.045    1.149    2.507    2.318    2.135    1.757    2.663    2.250    1.942
EpV7L8-3cdg-0520             0.999    1.045    0.911    0.752    2.262    2.112    1.839    1.838    4.310    3.299    2.151
EpV7L8-3cdg-0530             1.241    1.225    1.103    1.085    2.929    2.734    1.982    1.585    2.849    2.298    1.904
EpV7L8-3cdg-0540             0.940    0.927    0.881    0.922    2.918    2.693    2.008    1.416    3.443    2.621    1.670
EpV7L8-3cdg-0550             0.847    0.891    0.830    0.532    2.988    2.770    1.948    2.118    3.815    3.075    2.103
EpV7L8-3cdg-0560             1.083    1.132    0.934    0.759    2.764    2.572    1.958    1.428    2.529    2.047    1.800
EpV7L8-3cdg-0570             0.900    0.930    0.867    0.753    2.965    2.742    1.870    1.759    2.616    2.224    1.856
EpV7L8-3cdg-0580             1.190    1.224    1.009    0.906    2.887    2.717    1.924    1.866    2.269    2.075    1.763
EpV7L8-3cdg-0590             1.223    1.242    1.036    0.836    2.894    2.654    1.845    1.783    2.723    2.296    2.079
EpV7L8-3cdg-0600             1.024    1.008    0.914    1.137    3.139    2.913    2.055    1.614    2.425    2.055    1.876
EpV7L8-3cdg-0610             0.998    1.010    0.872    0.912    2.949    2.776    1.971    2.431    3.417    2.959    2.036
EpV7L8-3cdg-0620             1.080    1.127    1.002    0.849    3.052    2.836    1.869    2.098    3.213    2.707    2.122
EpV7L8-3cdg-0630             1.018    1.044    0.874    0.868    2.905    2.663    1.899    1.998    3.105    2.604    1.912
EpV7L8-3cdg-0640             1.056    1.118    0.952    0.824    2.795    2.636    1.857    1.845    2.307    2.086    1.916
EpV7L8-3cdg-0650             1.007    0.950    0.919    1.102    3.017    2.848    2.032    1.913    3.367    2.730    1.806
EpV7L8-3cdg-0660             1.101    1.087    0.946    1.005    3.061    2.846    2.000    1.659    2.175    1.931    1.711
EpV7L8-3cdg-0670             1.093    1.147    0.982    0.750    3.004    2.782    1.985    1.651    2.066    1.868    1.746
EpV7L8-3cdg-0680             1.015    1.062    0.861    0.654    3.071    2.849    1.911    1.889    2.673    2.310    1.890
EpV7L8-3cdg-0690             0.988    0.968    0.893    0.865    2.946    2.799    2.118    1.714    2.473    2.123    1.776
EpV7L8-3cdg-0700             1.048    1.018    0.956    1.068    2.998    2.804    1.981    1.398    2.390    1.952    1.709
EpV7L8-3cdg-0710             0.876    0.926    0.807    0.543    3.035    2.832    1.904    1.468    2.740    2.191    1.915
EpV7L8-3cdg-0720             1.356    1.394    1.155    1.132    3.095    2.870    2.035    2.144    2.634    2.399    1.816
EpV7L8-3cdg-0730             1.028    1.073    0.935    0.812    2.961    2.788    1.956    1.914    2.974    2.494    1.835
EpV7L8-3cdg-0740             1.072    1.126    0.967    0.700    2.942    2.715    1.964    1.519    2.813    2.253    1.590
EpV7L8-3cdg-0750             1.359    1.337    1.247    1.308    2.869    2.680    1.882    1.851    2.466    2.177    1.888
EpV7L8-3cdg-0760             1.167    1.189    1.061    1.012    3.134    2.804    2.111    1.486    2.423    2.004    1.864
EpV7L8-3cdg-0770             1.204    1.231    1.084    0.906    2.975    2.736    1.939    1.821    2.693    2.294    1.826
EpV7L8-3cdg-0780             1.365    1.316    1.207    1.338    2.379    2.100    1.983    2.413    3.643    3.083    1.934
EpV7L8-3cdg-0790             1.289    1.241    1.122    1.268    2.645    2.416    2.012    2.643    4.537    3.701    1.926
EpV7L8-3cdg-0800             1.177    1.140    1.036    1.203    2.614    2.470    1.956    1.760    2.562    2.193    1.791
EpV7L8-3cdg-0810             1.175    1.150    1.050    1.186    2.645    2.439    1.827    1.986    2.676    2.352    1.885
EpV7L8-3cdg-0820             1.115    1.136    0.975    0.903    2.943    2.679    1.902    1.611    2.832    2.297    1.661
EpV7L8-3cdg-0830             1.179    1.159    1.063    1.125    2.487    2.284    1.904    1.760    3.021    2.465    1.615
EpV7L8-3cdg-0840             1.189    1.176    1.034    1.085    2.946    2.721    1.939    1.898    3.021    2.516    1.653
EpV7L8-3cdg-0850             1.281    1.228    1.072    1.328    2.844    2.644    2.000    2.228    2.580    2.409    1.769
EpV7L8-3cdg-0860             1.253    1.219    1.067    1.196    2.942    2.672    1.988    2.206    2.757    2.493    1.682
EpV7L8-3cdg-0870             1.017    0.988    0.877    1.006    2.816    2.604    1.808    1.733    2.689    2.257    1.767
EpV7L8-3cdg-0880             1.129    1.171    1.020    0.923    3.134    2.840    1.927    2.117    3.067    2.629    1.979
EpV7L8-3cdg-0890             1.290    1.192    1.134    1.484    2.560    2.418    1.908    2.162    3.093    2.663    1.863
EpV7L8-3cdg-0900             1.267    1.292    1.101    1.006    2.516    2.229    2.002    1.929    2.494    2.226    1.731
EpV7L8-3cdg-0910             1.127    1.158    1.003    0.925    2.951    2.751    1.952    1.899    2.456    2.192    1.783
EpV7L8-3cdg-0920             1.137    1.196    0.991    0.744    3.056    2.680    1.905    1.827    2.196    2.017    1.800
EpV7L8-3cdg-0930             1.149    1.218    1.050    0.662    2.952    2.720    1.865    1.392    3.089    2.386    1.842
EpV7L8-3cdg-0940             1.462    1.411    1.276    1.503    2.531    2.280    1.768    1.747    3.230    2.588    1.886
EpV7L8-3cdg-0950             1.275    1.261    1.083    1.167    2.759    2.541    1.948    1.296    2.323    1.875    1.728
EpV7L8-3cdg-0960             1.271    1.270    1.094    0.995    2.848    2.582    2.007    1.837    3.003    2.482    1.942
EpV7L8-3cdg-0970             1.310    1.225    1.115    1.479    2.976    2.703    2.051    2.280    2.453    2.367    1.846
EpV7L8-3cdg-0980             1.165    1.212    1.036    0.819    2.819    2.629    1.889    1.517    2.767    2.224    1.928
EpV7L8-3cdg-0990             1.136    1.148    1.021    0.937    2.950    2.723    1.937    1.721    2.284    2.019    1.578
EpV7L8-3cdg-1000             1.210    1.251    1.076    0.865    2.884    2.685    1.968    1.696    2.460    2.108    1.675
EpV7L8-3cdg-1010             1.196    1.155    1.064    1.192    2.930    2.759    1.931    1.831    2.227    2.036    1.583
EpV7L8-3cdg-1020             1.091    1.110    0.983    0.894    2.871    2.652    1.924    1.342    2.172    1.800    1.671
EpV7L8-3cdg-1030             1.137    1.113    1.048    1.124    3.099    2.834    2.068    1.588    3.519    2.719    1.583
EpV7L8-3cdg-1040             1.371    1.332    1.136    1.264    2.861    2.635    2.059    2.287    5.641    4.285    1.920
EpV7L8-3cdg-1050             1.142    1.088    1.050    1.286    3.123    2.867    2.011    1.797    4.438    3.370    1.807
EpV7L8-3cdg-1060             1.117    1.125    0.981    0.908    3.086    2.820    2.042    2.337    3.872    3.189    1.558
EpV7L8-3cdg-1070             0.868    0.849    0.800    0.785    2.988    2.768    1.918    2.230    4.264    3.390    1.461
EpV7L8-3cdg-1080             1.146    1.120    1.001    1.187    3.015    2.870    2.044    2.713    4.089    3.462    1.721
EpV7L8-3cdg-1090             1.194    1.156    1.053    1.254    2.869    2.724    1.885    2.327    5.670    4.315    1.841
EpV7L8-3cdg-1100             1.073    1.102    0.975    0.892    2.993    2.759    1.807    1.219    2.051    1.682    1.334
EpV7L8-3cdg-1110             1.124    1.115    1.033    0.987    2.623    2.456    1.859    1.801    5.549    4.104    1.749
EpV7L8-3cdg-1120             1.037    1.039    0.961    0.820    2.982    2.758    1.917    1.865    2.980    2.479    1.655
EpV7L8-3cdg-1130             1.158    1.140    1.034    1.013    2.994    2.779    1.950    1.887    4.384    3.361    1.764
EpV7L8-3cdg-1140             1.188    1.248    1.060    0.707    2.450    2.302    1.876    2.584    3.705    3.188    1.741
EpV7L8-3cdg-1150             1.048    1.060    1.000    0.951    2.395    2.269    1.913    2.683    3.727    3.241    1.904
EpV7L8-3cdg-1160             1.216    1.245    1.042    1.048    2.525    2.373    1.844    1.391    3.549    2.683    1.959
EpV7L8-3cdg-1170             1.010    1.045    0.898    0.769    2.974    2.851    1.932    1.931    2.427    2.190    1.513
EpV7L8-3cdg-1180             1.087    1.103    0.978    0.957    2.606    2.451    1.912    1.771    2.092    1.936    1.546
EpV7L8-3cdg-1190             0.947    0.955    0.888    0.912    2.338    2.151    1.786    2.026    3.766    3.014    1.816
EpV7L8-3cdg-1200             1.184    1.188    1.063    1.045    2.636    2.467    1.984    2.114    5.442    4.109    2.110
EpV7L8-3cdg-1210             1.246    1.193    1.065    1.244    2.368    2.212    2.048    2.163   10.561    7.579    2.647
EpV7L8-3cdg-1220             0.968    1.015    0.856    0.560    2.982    2.793    2.088    2.211    9.385    6.780    2.279
EpV7L8-3cdg-1230             1.032    1.036    0.960    0.892    3.015    2.789    1.990    2.210   10.750    7.717    2.889
EpV7L8-3cdg-1240             1.163    1.167    1.096    1.017    2.933    2.774    2.108    1.775    7.640    5.515    2.371
EpV7L8-3cdg-1250             1.112    1.109    1.015    1.004    2.988    2.708    1.984    1.989    8.091    5.859    2.377
EpV7L8-3cdg-1260             1.234    1.287    1.105    0.779    2.438    2.230    1.754    2.394    7.698    5.671    2.209
EpV7L8-3cdg-1270             0.965    0.931    0.890    0.906    2.926    2.719    2.063    2.493    8.520    6.244    2.317
EpV7L8-3cdg-1280             0.944    0.903    0.839    0.974    2.397    2.265    1.969    3.078    8.670    6.474    2.269
EpV7L8-3cdg-1290             1.094    1.082    0.954    1.010    2.997    2.812    1.840    2.892    8.696    6.448    2.803
EpV7L8-3cdg-1300             1.338    1.251    1.148    1.410    2.948    2.734    1.998    2.512    7.455    5.536    2.262
EpV7L8-3cdg-1310             1.152    1.168    0.998    1.022    3.015    2.835    1.839    2.043    9.179    6.612    2.692
EpV7L8-3cdg-1320             1.024    1.044    0.997    0.716    3.062    2.877    1.906    1.996    9.002    6.483    2.442
EpV7L8-3cdg-1330             1.092    1.087    0.972    1.038    2.962    2.809    1.771    1.670    8.568    6.137    2.788
EpV7L8-3cdg-1340             1.052    1.085    0.954    0.775    2.908    2.799    1.832    2.068   10.126    7.266    3.111
EpV7L8-3cdg-1350             1.149    1.206    1.027    0.702    3.114    2.824    1.956    3.790    9.786    7.386    2.592
EpV7L8-3cdg-1360             1.232    1.194    1.084    1.261    3.088    2.874    2.082    2.104    8.383    6.078    2.262
EpV7L8-3cdg-1370             1.273    1.285    1.110    1.110    3.152    2.928    1.977    2.998    8.527    6.360    2.046
EpV7L8-3cdg-1380             1.153    1.139    1.001    1.040    3.044    2.817    1.827    3.430    9.779    7.292    2.231
EpV7L8-3cdg-1390             1.116    1.110    1.016    1.072    3.013    2.790    1.931    3.649    9.193    6.962    2.219
EpV7L8-3cdg-1400             1.048    1.096    0.982    0.658    2.941    2.689    1.886    3.297    8.738    6.573    1.763
EpV7L8-3cdg-1410             1.217    1.246    1.046    0.870    2.920    2.653    1.768    2.732    9.252    6.786    2.050
EpV7L8-3cdg-1420             1.148    1.087    1.042    1.172    3.017    2.711    1.869    2.766    8.170    6.069    1.980
EpV7L8-3cdg-1430             1.246    1.124    1.110    1.375    2.933    2.672    1.997    2.432    8.564    6.262    2.088
EpV7L8-3cdg-1440             1.135    1.105    0.995    1.064    2.982    2.710    1.805    2.768    8.750    6.456    1.936
EpV7L8-3cdg-1450             1.188    1.233    1.043    0.835    2.849    2.697    2.003    2.949   10.060    7.374    1.955
EpV7L8-3cdg-1460             0.989    1.016    0.931    0.798    2.871    2.668    1.694    1.972    8.247    5.963    2.106
EpV7L8-3cdg-1470             1.071    1.085    0.979    0.896    2.939    2.742    2.024    3.421    9.177    6.893    1.902
EpV7L8-3cdg-1480             0.995    0.997    0.948    0.929    2.947    2.754    2.105    2.665    8.423    6.215    2.156
EpV7L8-3cdg-1490             0.988    0.981    0.922    0.757    3.031    2.793    1.979    1.982    8.786    6.333    2.289
EpV7L8-3cdg-1500             0.862    0.889    0.906    0.674    2.933    2.750    1.922    2.386    9.290    6.745    2.219
EpV7L8-3cdg-1510             1.157    1.221    1.048    0.655    2.762    2.565    1.816    2.386   10.226    7.384    2.255
EpV7L8-3cdg-1520             1.171    1.173    1.032    0.975    2.549    2.362    1.992    2.487    8.331    6.116    2.008
EpV7L8-3cdg-1530             1.096    1.142    1.054    0.815    2.948    2.704    1.831    2.616    9.042    6.621    2.029
EpV7L8-3cdg-1540             1.102    1.052    1.002    1.167    2.826    2.594    1.890    2.693   10.335    7.511    2.304
EpV7L8-3cdg-1550             1.106    1.114    0.983    0.896    2.887    2.626    1.836    3.019    8.014    6.027    1.754
EpV7L8-3cdg-1560             1.106    1.125    1.059    0.806    2.730    2.554    2.059    2.595   10.276    7.453    2.229
EpV7L8-3cdg-1570             1.030    0.965    0.962    1.158    2.542    2.366    1.872    2.481    8.584    6.285    2.274
EpV7L8-3cdg-1580             1.120    1.067    1.059    1.250    2.604    2.400    2.082    2.851    8.977    6.626    1.933
EpV7L8-3cdg-1590             1.219    1.103    1.052    1.359    2.540    2.330    1.971    2.686    8.649    6.372    2.134
EpV7L8-3cdg-1600             1.064    1.020    0.966    1.004    2.480    2.251    1.961    2.603    9.239    6.751    2.147
EpV7L8-3cdg-1610             1.205    1.144    1.075    1.333    2.653    2.409    1.985    2.340    8.702    6.338    2.048
EpV7L8-3cdg-1620             1.056    0.982    0.980    1.158    2.511    2.354    2.129    2.515    8.866    6.482    1.999
EpV7L8-3cdg-1630             1.229    1.179    1.087    1.150    2.428    2.197    1.919    2.498    9.006    6.574    2.001
EpV7L8-3cdg-1640             1.083    1.093    1.038    0.973    2.496    2.330    1.866    2.622    7.959    5.896    1.991
EpV7L8-3cdg-1650             1.052    1.036    0.955    1.043    2.457    2.323    2.017    2.046    9.055    6.528    2.560
EpV7L8-3cdg-1660             1.176    1.079    1.069    1.331    2.305    2.150    1.910    2.070    9.301    6.700    2.429
EpV7L8-3cdg-1670             1.163    1.137    1.037    1.067    2.385    2.140    1.772    2.456    9.447    6.865    2.817
EpV7L8-3cdg-1680             1.086    1.063    0.999    1.050    2.262    2.045    1.705    2.769    8.586    6.347    2.347
EpV7L8-3cdg-1690             1.034    1.046    0.929    0.949    2.616    2.412    1.707    2.502    8.787    6.426    2.202
EpV7L8-3cdg-1700             1.120    1.167    1.006    0.812    2.917    2.698    1.903    2.498    9.183    6.693    2.415
EpV7L8-3cdg-1710             1.123    1.174    1.005    0.768    3.057    2.691    1.887    2.949    9.862    7.241    2.122
EpV7L8-3cdg-1720             0.992    1.028    0.903    0.727    2.939    2.719    1.865    2.473    8.376    6.143    2.438
EpV7L8-3cdg-1730             1.091    1.081    0.966    1.020    2.815    2.592    1.822    2.013    9.092    6.548    2.313
EpV7L8-3cdg-1740             1.229    1.202    1.124    1.163    2.751    2.611    1.833    2.497    9.660    7.017    2.243
EpV7L8-3cdg-1750             1.143    1.190    1.083    0.939    2.476    2.254    1.726    3.406   10.114    7.509    2.619
EpV7L8-3cdg-1760             0.983    0.976    0.939    0.956    2.734    2.565    1.718    2.562    8.579    6.298    2.035
EpV7L8-3cdg-1770             1.118    1.099    1.032    1.072    2.587    2.385    1.854    2.803    9.268    6.812    2.135
EpV7L8-3cdg-1780             1.076    1.049    1.009    0.925    2.737    2.531    1.686    2.660   10.785    7.812    2.344
EpV7L8-3cdg-1790             1.119    1.164    1.092    0.785    2.977    2.692    1.752    2.835   10.270    7.493    2.497
EpV7L8-3cdg-1800             1.275    1.279    1.174    1.104    2.529    2.329    1.867    3.181    9.810    7.256    2.608
EpV7L8-3cdg-1810             1.061    1.081    0.952    0.935    2.901    2.709    1.820    2.576    9.876    7.178    2.299
EpV7L8-3cdg-1820             1.143    1.086    1.023    1.355    2.898    2.710    1.867    2.951   10.017    7.346    2.340
EpV7L8-3cdg-1830             1.033    1.061    0.937    0.844    2.955    2.815    2.034    2.867    9.970    7.297    2.301
EpV7L8-3cdg-1840             1.221    1.240    1.156    0.971    2.952    2.767    1.750    2.912    9.835    7.215    2.179
EpV7L8-3cdg-1850             1.216    1.185    1.071    1.126    2.635    2.528    1.832    2.601    9.787    7.122    2.184
EpV7L8-3cdg-1860             1.289    1.296    1.116    1.139    2.677    2.498    1.959    2.822    8.600    6.368    2.266
EpV7L8-3cdg-1870             1.179    1.183    1.053    1.020    2.573    2.350    1.751    2.865    8.433    6.267    2.222
EpV7L8-3cdg-1880             1.317    1.315    1.110    1.164    2.691    2.542    1.874    2.975    7.800    5.876    2.234
EpV7L8-3cdg-1890             1.211    1.243    1.029    0.989    2.899    2.681    1.787    2.408    8.194    6.008    2.217
EpV7L8-3cdg-1900             0.994    1.030    0.952    0.707    2.947    2.744    1.851    2.396    8.562    6.253    2.230
EpV7L8-3cdg-1910             1.096    1.092    0.972    0.900    2.968    2.752    1.934    2.248    7.821    5.724    2.059
EpV7L8-3cdg-1920             0.958    1.044    0.877    0.536    2.823    2.649    1.820    2.523    9.268    6.756    2.599
EpV7L8-3cdg-1930             1.175    1.147    1.045    1.213    2.970    2.802    1.942    2.860    7.943    5.941    2.164
EpV7L8-3cdg-1940             0.980    1.010    0.844    0.742    3.016    2.762    1.913    2.176    8.405    6.106    2.202
EpV7L8-3cdg-1950             1.095    1.085    0.980    1.009    2.555    2.243    1.880    1.947    6.394    4.702    2.128
EpV7L8-3cdg-1960             1.124    1.018    1.038    1.305    2.347    2.173    1.850    2.599   10.411    7.546    2.623
EpV7L8-3cdg-1970             0.963    0.982    0.926    0.646    3.027    2.808    1.932    2.635    8.702    6.396    2.417
EpV7L8-3cdg-1980             1.187    1.116    1.032    1.224    3.009    2.740    1.884    2.790    9.753    7.135    2.446
EpV7L8-3cdg-1990             0.930    0.970    0.896    0.742    2.923    2.740    1.893    2.390    8.280    6.062    2.243
EpV7L8-3cdg-2000             1.040    1.072    1.023    0.654    3.038    2.797    2.061    3.078    9.832    7.248    2.035
EpV7L8-3cdg-2010             1.115    1.122    1.115    0.935    2.975    2.726    1.835    2.460    9.292    6.760    2.572
EpV7L8-3cdg-2020             1.037    1.101    0.988    0.439    3.027    2.725    1.790    3.052    9.961    7.329    2.557
EpV7L8-3cdg-2030             1.290    1.322    1.218    0.709    2.988    2.763    1.862    2.631    9.687    7.060    2.727
EpV7L8-3cdg-2040             1.193    1.142    1.119    1.094    2.386    2.263    1.939    2.518    8.108    5.973    2.484
EpV7L8-3cdg-2050             1.204    1.265    1.206    0.894    2.470    2.274    1.916    2.872    8.075    6.031    2.560
EpV7L8-3cdg-2060             0.964    1.000    0.946    0.682    2.924    2.774    1.939    2.570    9.361    6.828    2.533
EpV7L8-3cdg-2070             1.190    1.112    1.154    1.083    2.987    2.811    1.855    2.637    8.501    6.262    2.374
EpV7L8-3cdg-2080             1.167    1.103    1.138    1.129    2.947    2.842    1.881    2.115    8.073    5.869    2.656
EpV7L8-3cdg-2090             1.222    1.217    1.139    0.999    3.111    2.896    1.848    2.359    8.040    5.894    2.286
EpV7L8-3cdg-2100             1.292    1.227    1.273    1.374    3.138    2.946    1.935    3.016    8.462    6.322    2.594
EpV7L8-3cdg-2110             1.123    1.145    1.025    0.884    2.875    2.729    1.792    2.574   10.056    7.300    2.979
EpV7L8-3cdg-2120             1.088    1.160    0.979    0.592    3.049    2.839    1.836    2.622    6.794    5.126    2.348
EpV7L8-3cdg-2130             1.131    1.207    1.044    0.620    3.075    2.821    1.842    2.574    8.901    6.518    2.254
EpV7L8-3cdg-2140             1.182    1.224    1.111    0.814    3.202    2.930    1.811    1.915    8.639    6.222    2.295
EpV7L8-3cdg-2150             1.152    1.202    1.028    0.655    3.112    2.844    1.932    2.137    8.953    6.473    2.405
EpV7L8-3cdg-2160             1.203    1.310    1.198    0.632    3.199    2.913    1.760    3.076    9.584    7.082    2.251
EpV7L8-3cdg-2170             1.184    1.163    1.104    0.967    3.130    2.878    1.736    1.679    7.312    5.276    2.487
EpV7L8-3cdg-2180             1.117    1.128    1.112    0.870    2.955    2.788    1.825    2.641    6.301    4.810    2.050
EpV7L8-3cdg-2190             1.075    1.055    1.024    0.995    3.063    2.900    2.005    1.968    5.059    3.821    1.974
EpV7L8-3cdg-2200             1.192    1.132    1.140    1.159    3.216    3.039    2.021    2.239    6.837    5.062    2.333
EpV7L8-3cdg-2210             1.233    1.187    1.132    1.111    2.975    2.741    1.847    2.213    4.335    3.429    2.295
EpV7L8-3cdg-2220             0.995    0.984    1.002    0.849    2.950    2.799    1.797    2.402    4.255    3.444    2.093
EpV7L8-3cdg-2230             1.054    1.086    1.006    0.672    3.218    2.939    1.812    1.804    2.567    2.214    1.995
EpV7L8-3cdg-2240             1.127    1.076    1.014    1.176    3.075    2.918    1.857    2.625    7.477    5.576    2.398
EpV7L8-3cdg-2250             1.269    1.267    1.098    0.912    2.938    2.717    1.828    2.448    6.448    4.855    2.291
EpV7L8-3cdg-2260             1.264    1.227    1.153    1.123    2.710    2.503    1.855    2.462    6.137    4.655    1.939
EpV7L8-3cdg-2270             1.231    1.211    1.108    1.111    2.503    2.368    1.776    2.538    8.224    6.055    2.229
EpV7L8-3cdg-2280             1.115    1.138    0.989    0.874    2.617    2.469    1.867    2.350    6.519    4.876    1.984
EpV7L8-3cdg-2290             1.243    1.206    1.109    1.121    2.430    2.283    1.879    2.466    5.774    4.420    1.900
EpV7L8-3cdg-2300             1.394    1.297    1.268    1.329    2.451    2.251    1.913    2.473    7.789    5.750    2.366
EpV7L8-3cdg-2310             1.076    1.072    1.057    0.928    2.975    2.805    1.829    2.394    5.715    4.362    1.877
EpV7L8-3cdg-2320             1.143    1.033    1.099    1.154    2.327    2.159    1.856    1.982    6.440    4.740    2.479
EpV7L8-3cdg-2330             1.379    1.234    1.237    1.435    2.989    2.794    1.969    1.874    5.714    4.231    2.274
EpV7L8-3cdg-2340             1.079    1.111    1.023    0.774    3.112    2.894    1.980    1.946    4.186    3.251    2.031
EpV7L8-3cdg-2350             1.160    1.127    1.147    1.005    2.970    2.777    1.815    2.525    5.952    4.552    2.053
EpV7L8-3cdg-2360             1.076    1.073    1.048    0.939    2.859    2.673    1.703    2.402    5.940    4.510    1.997
EpV7L8-3cdg-2370             1.082    1.051    1.070    0.900    3.037    2.826    1.765    3.128    8.717    6.517    2.691
EpV7L8-3cdg-2380             1.153    1.170    1.018    0.891    3.039    2.838    1.954    2.497    8.152    5.998    2.460
EpV7L8-3cdg-2390             1.094    1.091    1.044    0.949    2.923    2.769    1.805    1.851    8.817    6.334    2.901
EpV7L8-3cdg-2400             1.208    1.203    1.103    1.027    3.170    2.970    2.100    2.289    8.276    6.039    2.442
EpV7L8-3cdg-2410             1.105    1.082    1.070    1.096    2.616    2.434    1.733    2.263    9.238    6.689    2.637
EpV7L8-3cdg-2420             0.901    0.935    0.901    0.576    3.031    2.837    1.833    2.191    9.045    6.545    2.909
EpV7L8-3cdg-2430             1.281    1.257    1.207    1.239    2.965    2.846    1.844    3.007    7.841    5.911    2.707
EpV7L8-3cdg-2440             1.128    1.149    1.137    0.922    2.972    2.817    1.762    2.533    8.063    5.946    2.486
EpV7L8-3cdg-2450             1.274    1.165    1.215    1.279    2.997    2.775    1.956    2.787    8.825    6.511    2.391
EpV7L8-3cdg-2460             1.226    1.236    1.203    1.009    2.927    2.794    1.924    2.603    7.268    5.433    2.407
EpV7L8-3cdg-2470             1.112    1.108    1.071    0.915    2.974    2.803    1.742    2.502    8.548    6.265    2.469
EpV7L8-3cdg-2480             1.005    1.052    0.922    0.551    3.138    2.948    2.040    3.261    8.542    6.435    2.643
EpV7L8-3cdg-2490             1.236    1.249    1.102    1.044    3.037    2.828    1.864    2.893    7.429    5.612    2.673
EpV7L8-3cdg-2500             1.133    1.150    1.087    0.815    2.939    2.733    1.884    2.912    7.415    5.608    2.499
EpV7L8-3cdg-2510             1.044    1.046    0.945    0.901    3.075    2.940    2.090    2.469    4.356    3.529    2.029
EpV7L8-3cdg-2520             1.115    1.147    1.068    0.770    2.956    2.806    1.790    2.891    7.520    5.671    2.358
EpV7L8-3cdg-2530             1.210    1.227    1.079    0.991    3.120    2.862    1.986    2.487    8.049    5.926    2.630
EpV7L8-3cdg-2540             1.226    1.176    1.218    1.085    2.935    2.757    1.808    3.180    8.018    6.072    2.757
EpV7L8-3cdg-2550             1.160    1.207    1.055    0.714    3.010    2.775    1.818    3.120    8.092    6.105    2.778
EpV7L8-3cdg-2560             1.170    1.111    1.146    0.949    2.866    2.634    1.770    2.961    8.513    6.342    2.667
EpV7L8-3cdg-2570             1.089    1.114    1.030    0.942    2.875    2.722    1.928    2.889    7.086    5.387    3.024
EpV7L8-3cdg-2580             1.124    1.040    1.068    1.346    2.962    2.752    1.590    2.506    7.486    5.554    2.786
EpV7L8-3cdg-2590             1.184    1.126    1.096    1.224    2.378    2.168    1.600    2.394    8.173    5.990    2.938
EpV7L8-3cdg-2600             1.221    1.147    1.181    1.425    2.471    2.311    1.840    2.797    8.782    6.484    2.877
EpV7L8-3cdg-2610             1.254    1.166    1.248    1.435    2.324    2.161    1.714    2.528    8.429    6.191    3.098
EpV7L8-3cdg-2620             1.074    1.039    1.051    1.005    2.359    2.159    1.697    2.471    9.521    6.918    3.033
EpV7L8-3cdg-2630             1.219    1.197    1.205    1.282    2.755    2.560    1.810    2.384    9.383    6.809    2.924
EpV7L8-3cdg-2640             1.213    1.044    1.186    1.616    2.258    2.101    1.705    2.909    7.570    5.708    2.741
EpV7L8-3cdg-2650             1.269    1.225    1.186    1.245    2.513    2.263    1.819    2.382    8.815    6.422    2.972
EpV7L8-3cdg-2660             1.411    1.353    1.277    1.522    3.163    2.892    1.888    2.364    9.600    6.953    2.809
EpV7L8-3cdg-2670             1.121    1.127    1.089    1.024    3.068    2.865    1.901    2.145    8.287    6.020    2.725
EpV7L8-3cdg-2680             1.143    1.163    1.101    0.991    3.058    2.784    1.852    3.048   10.690    7.819    2.838
EpV7L8-3cdg-2690             1.092    1.171    1.034    0.610    3.074    2.839    1.837    2.306    9.480    6.861    2.960
EpV7L8-3cdg-2700             1.122    1.116    1.027    0.978    3.187    2.952    2.134    2.363    7.411    5.473    2.696
EpV7L8-3cdg-2710             0.942    0.863    0.978    1.011    3.041    2.777    1.886    2.199    7.759    5.672    2.851
EpV7L8-3cdg-2720             1.163    1.006    1.184    1.252    2.969    2.801    2.016    1.932    7.167    5.220    2.788
EpV7L8-3cdg-2730             1.062    1.022    1.096    0.892    2.856    2.664    1.686    2.203    9.505    6.861    3.172
EpV7L8-3cdg-2740             1.316    1.299    1.197    1.230    2.912    2.763    1.802    2.910    8.737    6.480    2.994
EpV7L8-3cdg-2750             1.022    0.984    1.037    0.873    2.538    2.404    1.863    2.962    9.054    6.702    2.851
EpV7L8-3cdg-2760             1.159    1.240    1.017    0.627    2.418    2.272    1.789    3.096    7.399    5.647    2.821
EpV7L8-3cdg-2770             1.061    1.073    1.013    0.826    2.371    2.182    1.770    3.205    7.962    6.042    2.892
EpV7L8-3cdg-2780             1.136    1.190    1.007    0.704    2.958    2.748    1.944    2.861    8.692    6.438    2.836
EpV7L8-3cdg-2790             1.070    1.089    1.025    0.856    2.986    2.756    1.890    3.031   10.042    7.379    2.675
EpV7L8-3cdg-2800             1.161    1.142    1.059    1.007    2.964    2.750    1.923    2.244    6.120    4.587    2.686
EpV7L8-3cdg-2810             1.137    1.148    1.125    1.018    2.996    2.760    1.909    2.616    8.788    6.450    2.902
EpV7L8-3cdg-2820             1.253    1.217    1.147    1.203    2.804    2.623    1.977    2.830    8.450    6.270    2.868
EpV7L8-3cdg-2830             1.313    1.226    1.302    1.466    2.276    2.093    1.885    2.729    9.858    7.195    3.178
EpV7L8-3cdg-2840             1.108    1.070    1.124    0.990    2.330    2.068    1.754    2.964    8.096    6.067    2.646
EpV7L8-3cdg-2850             1.440    1.444    1.351    1.130    2.789    2.608    1.992    3.147    9.762    7.216    2.755
EpV7L8-3cdg-2860             1.078    1.077    1.095    0.924    2.531    2.370    1.984    2.369    7.320    5.413    2.878
EpV7L8-3cdg-2870             1.418    1.383    1.339    1.419    2.349    2.185    2.015    2.995    6.325    4.929    2.802
EpV7L8-3cdg-2880             1.289    1.164    1.219    1.405    2.201    2.023    1.980    2.615    7.590    5.649    3.002
EpV7L8-3cdg-2890             1.110    1.022    1.055    1.051    2.456    2.214    1.890    2.705   10.477    7.610    3.423
EpV7L8-3cdg-2900             1.278    1.132    1.207    1.279    2.316    2.098    1.792    2.686    6.166    4.736    3.050
EpV7L8-3cdg-2910             1.207    1.154    1.116    0.970    2.997    2.709    1.914    3.147    8.927    6.661    3.241
EpV7L8-3cdg-2920             1.337    1.213    1.272    1.508    2.999    2.758    1.872    3.205   10.273    7.571    3.322
EpV7L8-3cdg-2930             1.151    1.146    1.055    0.898    2.979    2.725    1.913    3.180   12.444    9.032    3.444
EpV7L8-3cdg-2940             1.266    1.260    1.164    1.074    2.500    2.388    1.830    3.217   12.554    9.114    3.386
EpV7L8-3cdg-2950             1.141    1.126    1.048    0.885    2.515    2.383    2.046    2.994    7.450    5.652    3.110
EpV7L8-3cdg-2960             1.292    1.279    1.153    1.019    2.573    2.229    1.932    3.409   10.169    7.546    3.273
EpV7L8-3cdg-2970             1.247    1.207    1.088    1.165    2.573    2.305    1.829    3.098    9.271    6.878    3.477
EpV7L8-3cdg-2980             1.267    1.194    1.133    1.193    2.566    2.216    1.837    3.140    8.660    6.483    3.351
EpV7L8-3cdg-2990             1.240    1.249    1.145    0.934    2.896    2.419    1.845    3.053   10.367    7.602    3.621
EpV7L8-3cdg-3000             1.238    1.238    1.089    0.906    2.615    2.271    1.819    2.908    9.971    7.306    3.366
EpV7L8-3cdg-3010             1.216    1.190    1.111    1.066    2.809    2.427    1.904    3.032    9.087    6.740    3.314
EpV7L8-3cdg-3020             1.204    1.237    1.113    0.728    2.398    2.015    1.928    3.348   10.594    7.817    3.620
EpV7L8-3cdg-3030             1.604    1.568    1.352    1.375    2.567    2.235    2.064    3.435    9.818    7.319    3.309
EpV7L8-3cdg-3040             1.340    1.316    1.113    1.132    2.216    1.848    1.939    3.018    9.438    6.971    3.440
EpV7L8-3cdg-3050             1.375    1.385    1.185    1.116    2.521    2.176    1.941    3.320    9.802    7.282    3.248
EpV7L8-3cdg-3060             1.168    1.151    1.056    1.093    2.197    1.971    1.960    3.175    9.637    7.139    3.596
EpV7L8-3cdg-3070             1.215    1.294    1.099    0.679    2.434    2.005    1.895    3.509   10.387    7.714    3.172
EpV7L8-3cdg-3080             1.126    1.148    1.058    0.887    2.289    1.996    1.925    2.989   10.158    7.449    3.762
EpV7L8-3cdg-3090             1.342    1.369    1.252    1.051    2.485    2.037    2.089    3.466   10.407    7.718    3.556
EpV7L8-3cdg-3100             1.193    1.185    1.114    1.047    2.116    1.946    1.897    2.952    9.805    7.203    3.359
EpV7L8-3cdg-3110             1.176    1.149    1.095    1.029    2.303    2.046    2.006    3.164   10.359    7.620    3.764
EpV7L8-3cdg-3120             1.316    1.227    1.189    1.299    2.194    1.984    2.197    2.981    8.584    6.394    3.478
EpV7L8-3cdg-3130             1.037    1.035    1.018    0.881    1.954    1.729    1.819    2.597    8.645    6.350    3.527
EpV7L8-3cdg-3140             1.375    1.220    1.202    1.515    2.165    1.924    1.873    3.122    9.150    6.803    3.469
EpV7L8-3cdg-3150             1.274    1.202    1.126    1.219    2.176    1.963    1.907    2.761    8.745    6.452    3.382
EpV7L8-3cdg-3160             1.565    1.410    1.365    1.885    2.121    1.913    2.007    3.128    8.473    6.357    3.573
EpV7L8-3cdg-3170             1.375    1.324    1.177    1.325    2.453    2.229    2.009    2.910    7.436    5.621    3.301
EpV7L8-3cdg-3180             1.104    1.086    1.034    1.095    2.359    2.204    1.921    3.244    8.236    6.231    3.196
EpV7L8-3cdg-3190             1.285    1.285    1.121    0.938    2.623    2.263    1.989    3.035    8.888    6.608    3.405
EpV7L8-3cdg-3200             1.279    1.223    1.141    1.125    2.456    2.211    1.830    2.707    8.670    6.390    3.415
EpV7L8-3cdg-3210             1.015    1.030    0.979    0.766    2.469    2.255    1.806    2.519    9.881    7.171    3.403
EpV7L8-3cdg-3220             1.187    1.185    1.067    1.024    2.590    2.299    1.927    2.975    9.777    7.189    3.587
EpV7L8-3cdg-3230             1.177    1.231    0.987    0.716    2.468    2.143    1.960    2.813    8.478    6.285    3.425
EpV7L8-3cdg-3240             1.248    1.236    1.060    1.066    2.515    2.192    1.864    2.966    8.990    6.661    3.378
EpV7L8-3cdg-3250             1.212    1.235    1.106    0.847    2.439    2.086    1.876    3.414   10.238    7.593    3.320
EpV7L8-3cdg-3260             1.284    1.357    1.105    0.730    2.489    2.244    1.995    3.307    9.325    6.962    3.215
EpV7L8-3cdg-3270             1.313    1.329    1.135    0.906    2.367    2.090    2.056    3.087    9.416    6.972    3.513
EpV7L8-3cdg-3280             1.258    1.314    1.102    0.808    2.636    2.351    2.075    2.864    9.058    6.684    3.677
EpV7L8-3cdg-3290             1.198    1.241    1.068    0.749    2.548    2.285    2.019    3.081   10.271    7.543    3.607
EpV7L8-3cdg-3300             1.366    1.388    1.183    1.024    2.907    2.541    2.043    2.845    8.841    6.534    3.315
EpV7L8-3cdg-3310             1.192    1.259    1.045    0.617    2.604    2.365    1.988    3.129    9.337    6.929    3.443
EpV7L8-3cdg-3320             1.266    1.338    1.153    0.704    2.587    2.311    1.953    3.419    9.064    6.818    3.353
EpV7L8-3cdg-3330             1.322    1.340    1.111    1.084    2.741    2.404    1.923    3.260    8.380    6.329    3.257
EpV7L8-3cdg-3340             1.120    1.190    1.062    0.612    2.787    2.378    1.970    3.352    9.297    6.955    3.348
EpV7L8-3cdg-3350             1.334    1.265    1.163    1.211    2.611    2.280    1.900    3.142    8.572    6.425    3.251
EpV7L8-3cdg-3360             1.325    1.316    1.219    0.992    2.618    2.348    1.941    2.887   10.338    7.549    3.514
EpV7L8-3cdg-3370             1.266    1.262    1.146    1.064    2.293    2.044    2.020    2.974    9.621    7.085    3.396
EpV7L8-3cdg-3380             1.157    1.128    1.062    1.102    2.165    1.918    1.948    2.947   10.398    7.602    3.644
EpV7L8-3cdg-3390             1.217    1.270    1.090    0.799    2.155    1.839    1.844    2.992    9.880    7.262    3.715
EpV7L8-3cdg-3400             1.514    1.521    1.315    1.216    2.583    2.156    2.059    3.114    9.438    6.993    3.256
EpV7L8-3cdg-3410             1.331    1.359    1.223    1.026    2.276    1.977    1.918    3.040    6.749    5.212    3.101
EpV7L8-3cdg-3420             1.334    1.340    1.227    1.040    2.238    1.910    2.003    3.336    9.243    6.915    3.348
EpV7L8-3cdg-3430             1.420    1.457    1.200    0.912    2.229    1.918    1.971    2.881    8.738    6.473    3.374
EpV7L8-3cdg-3440             1.256    1.267    1.105    1.035    2.275    2.028    1.963    2.945    9.666    7.108    3.595
EpV7L8-3cdg-3450             1.282    1.298    1.149    0.985    2.541    2.121    1.928    2.661    8.302    6.133    3.371
EpV7L8-3cdg-3460             1.353    1.312    1.199    1.201    2.512    2.107    1.928    2.906    8.895    6.584    3.500
EpV7L8-3cdg-3470             1.355    1.337    1.242    1.158    2.098    1.867    1.895    2.926    8.561    6.366    3.474
EpV7L8-3cdg-3480             1.473    1.475    1.280    1.150    2.623    2.231    2.097    2.801    7.911    5.905    3.312
EpV7L8-3cdg-3490             1.321    1.280    1.197    1.284    2.317    1.935    1.958    2.956   10.162    7.444    3.648
EpV7L8-3cdg-3500             1.358    1.256    1.243    1.390    2.214    2.038    1.965    2.964    9.247    6.832    3.462
EpV7L8-3cdg-3510             1.031    1.019    1.018    0.872    2.221    1.909    1.906    3.330    9.541    7.111    3.591
EpV7L8-3cdg-3520             1.063    1.012    0.968    1.005    2.209    1.958    1.973    2.994    9.139    6.766    3.824
EpV7L8-3cdg-3530             1.183    1.119    1.141    1.066    2.278    1.961    2.001    2.951    9.262    6.839    3.521
EpV7L8-3cdg-3540             1.071    1.006    1.120    1.014    2.050    1.768    1.860    2.969    8.586    6.393    3.610
EpV7L8-3cdg-3550             1.160    1.073    1.181    1.037    2.086    1.756    1.847    2.971    9.473    6.985    3.776
EpV7L8-3cdg-3560             1.226    1.182    1.252    1.076    2.310    1.919    2.057    3.198    9.035    6.744    3.545
EpV7L8-3cdg-3570             1.124    1.125    1.135    0.867    2.060    1.834    1.939    2.851    8.962    6.616    3.406
EpV7L8-3cdg-3580             1.090    1.066    1.174    0.900    2.213    1.798    1.872    3.106    9.658    7.137    3.735
EpV7L8-3cdg-3590             1.182    1.152    1.123    0.884    2.029    1.777    1.733    3.103    9.361    6.939    3.398
EpV7L8-3cdg-3600             1.454    1.464    1.325    1.046    2.533    2.279    1.928    3.104   11.510    8.384    3.470
EpV7L8-3cdg-3610             1.260    1.219    1.198    1.054    2.568    2.216    1.901    3.159   10.927    8.001    3.446
EpV7L8-3cdg-3620             1.184    1.199    1.178    0.836    2.264    2.009    1.899    2.950   10.165    7.445    3.498
EpV7L8-3cdg-3630             1.122    1.129    1.095    0.871    2.395    2.137    1.796    3.239   10.742    7.893    3.426
EpV7L8-3cdg-3640             1.277    1.234    1.224    0.976    2.386    2.119    1.560    2.865   11.335    8.222    3.541
EpV7L8-3cdg-3650             1.066    1.021    1.132    0.965    2.499    2.233    1.853    3.187   11.335    8.282    3.737
EpV7L8-3cdg-3660             1.189    1.210    1.174    0.931    2.202    2.034    1.919    3.639   11.157    8.257    3.578
EpV7L8-3cdg-3670             1.369    1.285    1.263    1.062    2.212    1.935    1.726    3.301   11.723    8.566    3.480
EpV7L8-3cdg-3680             1.134    1.041    1.154    1.129    2.182    1.857    1.715    3.255   11.408    8.345    3.452
EpV7L8-3cdg-3690             1.299    1.282    1.172    0.977    2.415    2.046    1.700    3.278   12.497    9.087    3.824
EpV7L8-3cdg-3700             1.174    1.098    1.089    1.102    2.500    2.238    1.892    3.147   11.049    8.081    3.283
EpV7L8-3cdg-3710             1.129    1.050    1.098    0.959    2.296    2.150    1.914    3.223   11.587    8.459    3.485
EpV7L8-3cdg-3720             1.240    1.240    1.100    0.886    2.625    2.308    2.040    3.262   12.726    9.239    3.655
EpV7L8-3cdg-3730             1.280    1.145    1.209    1.209    2.538    2.328    2.226    3.519   11.582    8.515    3.464
EpV7L8-3cdg-3740             1.067    0.881    1.110    1.151    2.320    2.091    1.883    3.168   12.099    8.796    3.953
EpV7L8-3cdg-3750             1.333    1.275    1.221    1.118    2.499    2.272    1.926    2.879   11.241    8.160    3.704
EpV7L8-3cdg-3760             1.150    1.128    1.109    1.021    2.330    2.141    2.064    2.936    9.880    7.251    3.607
EpV7L8-3cdg-3770             1.366    1.211    1.294    1.281    2.480    2.225    2.004    3.573   11.275    8.321    3.540
EpV7L8-3cdg-3780             1.250    1.161    1.135    1.234    2.322    2.167    1.895    3.446    9.192    6.909    3.705
EpV7L8-3cdg-3790             1.135    1.172    1.030    0.644    2.552    2.296    2.046    3.542   10.985    8.121    3.760
EpV7L8-3cdg-3800             1.259    1.217    1.204    1.196    2.282    2.071    1.954    2.963    8.611    6.408    3.333
EpV7L8-3cdg-3810             1.287    1.193    1.228    1.237    2.484    2.254    2.119    2.716    8.856    6.516    3.247
EpV7L8-3cdg-3820             1.374    1.293    1.286    1.279    2.467    2.179    2.115    4.261   11.322    8.514    3.278
EpV7L8-3cdg-3830             1.246    1.183    1.120    1.339    2.473    2.228    2.041    3.969   10.734    8.054    3.326
EpV7L8-3cdg-3840             1.190    1.076    1.128    1.292    2.575    2.335    1.936    3.476   12.627    9.211    3.724
EpV7L8-3cdg-3850             1.283    1.119    1.187    1.417    2.461    2.222    2.024    3.553   11.167    8.244    3.460
EpV7L8-3cdg-3860             1.146    1.094    1.075    1.049    2.505    2.259    1.977    2.961   10.731    7.830    3.616
EpV7L8-3cdg-3870             1.218    1.233    1.100    0.849    2.458    2.237    1.965    3.328   11.866    8.668    3.713
EpV7L8-3cdg-3880             1.399    1.203    1.331    1.578    2.437    2.195    1.995    3.212    9.900    7.323    3.375
EpV7L8-3cdg-3890             1.437    1.230    1.337    1.539    2.832    2.303    1.984    2.979    9.924    7.289    3.496
EpV7L8-3cdg-3900             1.372    1.220    1.262    1.392    2.743    2.279    2.151    3.242    9.660    7.170    3.411
EpV7L8-3cdg-3910             1.459    1.275    1.322    1.671    2.545    2.315    2.101    3.200   10.271    7.568    3.453
EpV7L8-3cdg-3920             1.225    1.243    1.143    0.949    2.615    2.339    1.880    3.131   10.357    7.611    3.587
EpV7L8-3cdg-3930             0.910    0.874    1.012    0.906    2.628    2.322    1.917    3.012    9.093    6.740    3.636
EpV7L8-3cdg-3940             1.159    1.153    1.070    0.759    2.346    2.010    1.818    2.874    9.439    6.941    3.599
EpV7L8-3cdg-3950             1.162    1.146    1.119    0.899    2.718    2.372    2.024    2.967    9.173    6.783    3.463
EpV7L8-3cdg-3960             1.454    1.446    1.272    1.070    2.722    2.332    2.020    3.163    9.196    6.843    3.382
EpV7L8-3cdg-3970             1.229    1.247    1.139    0.874    2.233    1.945    1.855    2.659    8.853    6.503    3.428
EpV7L8-3cdg-3980             1.369    1.271    1.259    1.190    2.508    2.193    1.842    3.044    9.683    7.141    3.265
EpV7L8-3cdg-3990             1.112    1.115    1.074    0.868    2.607    2.331    1.946    3.967   10.469    7.879    3.613
EpV7L8-3cdg-4000             1.164    1.103    1.137    1.096    2.736    2.395    1.850    3.308    9.288    6.939    3.706
EpV7L8-3cdg-4010             1.309    1.286    1.220    1.109    2.546    2.288    1.931    3.078    9.917    7.305    3.689
EpV7L8-3cdg-4020             1.245    1.181    1.233    1.063    2.608    2.314    1.860    2.917    9.840    7.219    3.767
EpV7L8-3cdg-4030             1.188    1.166    1.093    0.984    2.801    2.499    2.022    3.015    9.183    6.800    3.641
EpV7L8-3cdg-4040             1.248    1.232    1.187    0.928    2.454    2.270    1.942    2.965    8.181    6.124    3.481
EpV7L8-3cdg-4050             1.219    1.104    1.130    1.249    2.452    2.138    1.728    2.541    9.113    6.654    3.457
EpV7L8-3cdg-4060             1.173    1.149    1.064    1.043    2.479    2.216    1.973    3.216    9.708    7.196    3.542
EpV7L8-3cdg-4070             1.083    1.033    1.016    0.881    2.469    2.213    1.893    2.830   10.187    7.436    3.603
EpV7L8-3cdg-4080             1.451    1.364    1.321    1.291    2.371    2.023    1.811    3.004    9.300    6.876    3.417
EpV7L8-3cdg-4090             1.055    1.078    0.994    0.783    2.174    1.974    1.600    3.423    8.913    6.720    3.498
EpV7L8-3cdg-4100             1.081    1.086    1.013    0.818    2.538    2.190    1.928    3.056    9.786    7.213    3.330
EpV7L8-3cdg-4110             1.278    1.197    1.209    1.116    2.571    2.260    2.099    3.096    8.692    6.493    3.394
EpV7L8-3cdg-4120             1.258    1.242    1.102    1.053    2.425    2.171    1.703    2.808    9.751    7.138    3.616
EpV7L8-3cdg-4130             1.167    1.208    1.093    0.738    2.581    2.243    1.977    2.976    9.097    6.734    3.657
EpV7L8-3cdg-4140             1.160    1.201    1.081    0.695    2.542    2.227    1.945    2.718    7.215    5.427    3.410
EpV7L8-3cdg-4150             1.200    1.205    1.129    0.848    2.408    2.108    1.858    2.840    9.598    7.041    3.594
EpV7L8-3cdg-4160             1.005    0.977    1.018    0.726    2.322    2.070    1.809    2.775    9.008    6.631    3.548
EpV7L8-3cdg-4170             1.236    1.201    1.145    0.918    2.507    2.209    2.071    3.262    8.834    6.627    3.168
EpV7L8-3cdg-4180             1.256    1.187    1.149    0.971    2.395    2.119    1.884    2.711    9.024    6.628    3.415
EpV7L8-3cdg-4190             1.343    1.280    1.279    1.157    2.285    2.179    2.003    2.755    9.069    6.668    3.385
EpV7L8-3cdg-4200             1.126    1.100    1.100    0.932    2.296    2.110    1.925    2.691    7.697    5.737    3.173
EpV7L8-3cdg-4210             1.102    1.046    1.081    1.034    2.370    2.118    1.949    2.739    9.247    6.784    3.290
EpV7L8-3cdg-4220             1.061    1.085    1.004    0.671    2.387    2.110    1.789    2.960    8.370    6.247    3.329
EpV7L8-3cdg-4230             1.077    1.010    1.032    1.041    2.308    2.128    1.899    3.089    8.524    6.381    3.108
EpV7L8-3cdg-4240             1.248    1.145    1.160    1.123    2.695    2.464    1.968    2.931    9.067    6.704    3.248
EpV7L8-3cdg-4250             1.005    1.047    0.956    0.581    2.543    2.324    1.867    2.783    8.369    6.205    3.302
EpV7L8-3cdg-4260             1.045    1.072    1.040    0.854    2.182    1.988    1.858    3.009    7.439    5.649    3.444
EpV7L8-3cdg-4270             1.290    1.248    1.236    1.031    2.634    2.405    1.971    3.256    8.233    6.232    3.304
EpV7L8-3cdg-4280             1.236    1.179    1.148    0.962    2.402    2.082    1.931    2.751    7.826    5.837    3.419
EpV7L8-3cdg-4290             1.249    1.231    1.206    0.894    2.504    2.258    1.896    2.682    7.965    5.914    3.369
EpV7L8-3cdg-4300             1.089    1.014    1.105    0.965    2.548    2.369    2.144    2.770    9.569    7.007    3.370
EpV7L8-3cdg-4310             1.257    1.204    1.221    1.015    2.228    2.078    1.918    3.075    7.325    5.593    3.300
EpV7L8-3cdg-4320             1.135    1.087    1.155    1.003    2.340    2.162    1.874    2.877    9.020    6.661    3.299
EpV7L8-3cdg-4330             1.285    1.250    1.202    0.959    2.519    2.268    1.977    3.209    8.513    6.403    3.263
EpV7L8-3cdg-4340             1.153    1.157    1.119    0.846    2.452    2.239    1.932    2.570    8.982    6.572    3.217
EpV7L8-3cdg-4350             1.146    1.101    1.060    0.973    2.438    2.231    1.993    2.906    9.257    6.826    3.205
EpV7L8-3cdg-4360             1.206    1.180    1.127    0.958    2.443    2.274    1.942    3.469    8.036    6.163    3.075
EpV7L8-3cdg-4370             1.217    1.196    1.139    0.869    2.545    2.223    1.936    2.760    8.269    6.133    3.051
EpV7L8-3cdg-4380             1.110    1.158    1.032    0.586    2.624    2.253    1.928    2.730    8.475    6.265    3.133
EpV7L8-3cdg-4390             1.415    1.385    1.245    1.138    2.258    2.055    1.875    3.170    8.867    6.627    3.113
EpV7L8-3cdg-4400             1.119    1.135    1.082    0.863    2.515    2.303    1.861    2.662    7.993    5.927    3.001
EpV7L8-3cdg-4410             1.316    1.204    1.266    1.261    2.456    2.196    2.019    2.582    7.872    5.829    3.020
EpV7L8-3cdg-4420             1.464    1.427    1.330    1.165    2.405    2.142    1.910    2.443    7.248    5.382    3.174
EpV7L8-3cdg-4430             1.225    1.135    1.154    1.136    2.523    2.255    2.071    3.379    8.891    6.694    3.268
EpV7L8-3cdg-4440             1.142    1.190    1.081    0.711    2.593    2.284    1.911    2.718    7.885    5.869    3.085
EpV7L8-3cdg-4450             1.241    1.245    1.160    0.783    2.546    2.265    1.959    3.003    8.202    6.147    3.146
EpV7L8-3cdg-4460             1.325    1.312    1.260    0.940    2.532    2.225    1.902    2.994    8.388    6.268    3.060
EpV7L8-3cdg-4470             1.578    1.525    1.378    1.175    2.559    2.243    1.985    2.965    8.394    6.264    3.171
EpV7L8-3cdg-4480             1.337    1.357    1.205    0.904    2.816    2.334    1.954    3.077    8.703    6.496    3.294
EpV7L8-3cdg-4490             1.518    1.557    1.332    1.060    2.556    2.240    2.047    3.209    9.902    7.323    3.145
EpV7L8-3cdg-4500             1.163    1.198    1.085    0.802    2.591    2.264    2.053    3.464    8.726    6.609    3.314
EpV7L8-3cdg-4510             1.360    1.435    1.209    0.689    2.591    2.245    1.987    2.981    9.539    7.031    3.165
EpV7L8-3cdg-4520             1.333    1.397    1.172    0.884    2.606    2.378    1.952    3.105    9.495    7.029    3.488
EpV7L8-3cdg-4530             1.243    1.298    1.145    0.849    2.564    2.278    1.852    3.106    9.760    7.206    3.235
EpV7L8-3cdg-4540             1.329    1.256    1.219    1.258    2.521    2.200    1.855    2.874   11.136    8.088    3.393
EpV7L8-3cdg-4550             1.303    1.216    1.205    1.234    2.533    2.238    1.984    3.119   10.950    8.008    3.488
EpV7L8-3cdg-4560             1.056    1.014    1.044    0.945    2.622    2.248    2.012    3.252    9.772    7.246    3.325
EpV7L8-3cdg-4570             1.253    1.273    1.181    1.133    2.636    2.409    2.175    4.005   11.999    8.901    3.315
EpV7L8-3cdg-4580             1.513    1.467    1.288    1.258    2.489    2.211    2.032    2.965   12.059    8.733    3.482
EpV7L8-3cdg-4590             1.176    1.196    1.025    0.986    2.429    2.207    1.909    2.897   10.339    7.553    3.403
EpV7L8-3cdg-4600             1.234    1.267    1.150    0.799    2.563    2.167    1.875    3.415   11.848    8.673    3.378
EpV7L8-3cdg-4610             1.282    1.300    1.206    0.996    2.542    2.306    1.982    2.924   10.830    7.890    3.596
EpV7L8-3cdg-4620             1.159    1.119    1.083    1.187    2.513    2.243    1.850    2.947    9.938    7.292    3.258
EpV7L8-3cdg-4630             1.370    1.309    1.283    1.136    2.878    2.447    2.201    3.952   12.198    9.021    3.226
EpV7L8-3cdg-4640             1.305    1.352    1.233    0.810    2.300    2.015    1.879    3.391   11.090    8.158    3.309
EpV7L8-3cdg-4650             1.094    1.099    1.136    0.938    2.758    2.443    2.027    3.497    9.792    7.317    3.117
EpV7L8-3cdg-4660             1.403    1.300    1.348    1.495    2.568    2.200    1.969    2.791   10.124    7.386    3.411
EpV7L8-3cdg-4670             1.110    1.018    1.041    1.227    2.359    2.117    2.078    2.685    7.699    5.738    3.224
EpV7L8-3cdg-4680             1.073    1.071    0.996    0.893    2.242    2.064    1.914    3.022    7.498    5.691    3.393
EpV7L8-3cdg-4690             1.120    1.147    1.095    0.656    2.607    2.232    1.783    2.507    6.858    5.139    3.107
EpV7L8-3cdg-4700             0.994    1.004    1.048    0.718    2.561    2.342    1.830    3.296    9.100    6.811    3.274
EpV7L8-3cdg-4710             0.887    0.812    0.978    0.826    2.459    2.140    1.948    2.670    8.901    6.537    3.153
EpV7L8-3cdg-4720             0.996    1.009    1.004    0.713    2.535    2.292    1.968    3.061    9.200    6.822    3.344
EpV7L8-3cdg-4730             1.075    1.106    1.018    0.667    2.370    2.097    1.887    3.086    8.547    6.395    3.202
EpV7L8-3cdg-4740             1.106    1.071    1.129    1.000    2.529    2.290    2.119    3.165    7.465    5.709    3.271
EpV7L8-3cdg-4750             1.063    1.121    1.025    0.675    2.378    2.105    1.929    2.831    9.309    6.845    3.285
EpV7L8-3cdg-4760             1.134    1.049    1.110    1.065    2.334    2.133    1.895    2.868    6.645    5.096    3.064
EpV7L8-3cdg-4770             1.145    1.147    1.121    0.875    2.336    2.131    1.887    3.032    8.930    6.636    3.308
EpV7L8-3cdg-4780             0.936    0.940    1.014    0.827    2.538    2.268    1.820    2.647    9.097    6.665    3.414
EpV7L8-3cdg-4790             1.235    1.290    1.091    0.724    2.447    2.152    1.804    2.770   10.250    7.468    3.072
EpV7L8-3cdg-4800             1.062    1.083    1.043    0.748    2.388    2.152    2.181    3.266    8.876    6.656    3.211
EpV7L8-3cdg-4810             1.131    1.057    1.093    0.973    2.465    2.203    2.121    2.595    8.013    5.926    3.129
EpV7L8-3cdg-4820             1.197    1.218    1.204    0.822    2.269    2.031    1.858    2.728    7.439    5.576    3.372
EpV7L8-3cdg-4830             1.102    1.064    1.103    0.877    2.512    2.293    1.881    3.051    8.576    6.405    3.268
EpV7L8-3cdg-4840             0.991    0.962    1.009    0.824    2.359    2.177    1.872    3.017    8.998    6.678    3.298
EpV7L8-3cdg-4850             1.405    1.323    1.242    1.268    2.474    2.216    2.071    3.653    8.766    6.686    3.398
EpV7L8-3cdg-4860             0.928    0.882    0.969    0.750    2.861    2.486    1.880    3.051    9.511    7.027    3.333
EpV7L8-3cdg-4870             1.187    1.070    1.171    1.127    2.458    2.192    1.898    2.949    9.337    6.889    2.974
EpV7L8-3cdg-4880             0.860    0.814    0.976    0.795    2.385    2.193    1.962    3.313    9.590    7.140    3.234
EpV7L8-3cdg-4890             0.922    0.821    0.989    1.033    2.381    2.204    1.942    3.095   11.124    8.121    3.321
EpV7L8-3cdg-4900             1.075    1.050    1.043    0.816    2.649    2.419    1.955    2.745   11.317    8.189    3.449
EpV7L8-3cdg-4910             1.178    1.133    1.124    0.858    2.498    2.355    2.124    2.999    7.231    5.511    3.191
EpV7L8-3cdg-4920             1.192    1.119    1.144    1.153    2.397    2.153    1.887    2.374    4.911    3.842    2.938
EpV7L8-3cdg-4930             1.111    1.040    1.123    0.998    2.517    2.305    1.929    3.880   11.302    8.408    3.332
EpV7L8-3cdg-4940             1.038    1.061    1.027    0.690    2.544    2.148    1.870    4.039   10.051    7.625    3.814
EpV7L8-3cdg-4950             1.092    1.006    1.082    1.011    2.475    2.230    1.887    2.834   10.666    7.762    3.587
EpV7L8-3cdg-4960             1.054    1.032    1.133    0.913    2.472    2.243    1.857    3.247   12.412    9.023    3.813
EpV7L8-3cdg-4970             1.154    1.084    1.130    1.015    2.431    2.069    1.751    3.055   10.542    7.720    3.537
EpV7L8-3cdg-4980             1.164    1.136    1.158    0.990    2.225    2.012    1.845    3.156   10.259    7.551    3.627
EpV7L8-3cdg-4990             0.904    0.891    0.975    0.697    2.162    1.981    1.950    3.411   10.057    7.472    3.692
EpV7L8-3cdg-5000             1.197    1.131    1.143    1.048    2.440    2.158    1.852    3.345   13.197    9.574    3.516
